run_ARMCHK_225326	/home/ghj
run_DIAGCAUCHY_231757	/home/ghj
run_DIAGGUARD2_233403	/home/ghj
run_DIAGGUARD_233048	none
run_E2FAIL3_024009	/home/uav
run_E2FAIL5_024737	none
run_E2PROBE_022152	/home/uav
run_E4_GOFF_D10_192513	/home/uav
run_E4_GOFF_D10_193039	/home/uav
run_E4_GOFF_D10_R2_194927	/home/uav
run_E4R2-GOFF-D10_095056	/home/uav
run_E4R2-GOFF-D10-LODOM_100819	/home/uav
run_E4R2-GOFF-D30_102511	/home/uav
run_E4R2-GOFF-D30-I125_103836	/home/uav
run_E4R2-GOFF-D60_103420	/home/uav
run_E4R2-GON-D10_095654	/home/uav
run_E4R2-GON-D30_101723	/home/uav
run_E4R2-REGRESS_104334	/home/uav
run_F3B_023027	/home/uav
run_F3B10_154733	/home/uav
run_F3B11_155643	/home/uav
run_F3B12_160420	/home/uav
run_F3B13_161000	/home/uav
run_F3B14_163613	/home/uav
run_F3B15_190535	/home/uav
run_F3B16_191620	/home/uav
run_F3B2_031639	none
run_F3B2_032241	none
run_F3B2_034130	none
run_F3B2_035213	/home/uav
run_F3B3_042444	/home/uav
run_F3B4_043658	/home/uav
run_F3B5_092608	/home/uav
run_F3B6_093203	/home/uav
run_F3B7_093720	/home/uav
run_F3B8_094417	/home/uav
run_F3B9_094909	/home/uav
run_F3-P1B_095639	/home/uav
run_health_smoke_1_220521	/home/ghj
run_health_smoke_2_221729	/home/ghj
run_SUPHV2a_230310	/home/ghj
run_SUPHV2b_230920	/home/ghj
run_SUPHV3a_001611	/home/ghj
run_SUPHV3b_001918	/home/ghj
run_SUPHVa_224750	/home/ghj
run_SUPHVb_225134	/home/ghj
run_SUPP2A_234133	/home/ghj
run_SUPP2Av2_235010	/home/ghj
run_SUPP2Av3_235735	/home/ghj
run_SUPP3INJ_000528	/home/ghj
run_SUPX1a_224035	/home/ghj
run_SUPX1b_224122	/home/ghj
run_SUPX2a_225543	/home/ghj
run_SUPX2b_230005	/home/ghj
run_T2BL10_210001	/home/uav
run_T2BL1_201552	/home/uav
run_T2BL2_201729	/home/uav
run_T2BL3_202549	/home/uav
run_T2BL4_202722	/home/uav
run_T2BL5_203404	/home/uav
run_T2BL6_203956	/home/uav
run_T2BL7_204325	/home/uav
run_T2BL8_204921	/home/uav
run_T2BL9_205405	/home/uav
run_T2M0_010259	/home/ghj
run_T2MACH10_020846	/home/ghj
run_T2MACH1_010832	/home/ghj
run_T2MACH11_021559	/home/ghj
run_T2MACH12_022312	/home/ghj
run_T2MACH2_011343	/home/ghj
run_T2MACH3_011804	/home/ghj
run_T2MACH4_012523	/home/ghj
run_T2MACH5_013233	/home/ghj
run_T2MACH6_013944	/home/ghj
run_T2MACH7_014657	/home/ghj
run_T2MACH8_015411	/home/ghj
run_T2MACH9_020133	/home/ghj
run_T2RA10_132515	/home/ghj
run_T2RA1_122012	/home/ghj
run_T2RA11gnd_133759	/home/ghj
run_T2RA12hov_133845	/home/ghj
run_T2RA13_134733	/home/ghj
run_T2RA14_135448	/home/ghj
run_T2RA15_140205	/home/ghj
run_T2RA16_141056	/home/ghj
run_T2RA17hov_142425	/home/ghj
run_T2RA18gnd_142339	/home/ghj
run_T2RA19_143516	/home/ghj
run_T2RA20_143940	/home/ghj
run_T2RA21_144657	/home/ghj
run_T2RA2_122435	/home/ghj
run_T2RA22_145941	/home/ghj
run_T2RA23hov_151312	/home/ghj
run_T2RA24gnd_151226	/home/ghj
run_T2RA3_123151	/home/ghj
run_T2RA4_124434	/home/ghj
run_T2RA5hover_121549	/home/ghj
run_T2RA7_125801	/home/ghj
run_T2RA8_130517	/home/ghj
run_T2RA9_131232	/home/ghj
run_T2U4OBS1_031531	none
run_T2U4OBS1_031909	/home/uav
run_T2U4OBS1r_032512	/home/uav
run_T2U4OBS2_033232	/home/uav
run_T2ZETA1_131820	/home/uav
run_T2ZETA2_132510	/home/uav
run_T2ZETA3_133227	/home/uav
run_T2ZETA4_135544	/home/uav
run_T2ZETA5_140137	/home/uav
run_T2ZETACTL2_134622	/home/uav
run_T2ZETACTRL_133959	none
run_T3U1V_023428	/home/ghj
run_U25FIX_035839	/home/uav
run_U3PH_210708	/home/uav
run_U3PO_211438	/home/uav
run_U7OL1_195920	/home/uav
run_U7OL2_202043	/home/uav
run_V8_PROBECHECK_205100	/home/uav
run_VRFY1_023908	/home/ghj
run_VRFY2_040542	/home/ghj
run_VRG1_025100	/home/ghj
run_WAOL5_221128	/home/uav
run_WC2OBS1_030927	/home/uav
run_WC2OBS1_032005	/home/uav
run_WD1_024016	/home/uav
run_X1_000718	none
run_X1_002244	none
run_X1_223836	none
run_X1final_040643	/home/uav
run_X1final_040931	/home/ghj
run_X1final_043355	/home/uav
run_X1final_101627	/home/uav
run_X1final_104445	none
run_X1final_104720	/home/uav
run_X1final_105449	/home/uav
run_X1final_172424	/home/uav
run_X2g1_024637	/home/ghj
run_X2g1_041203	/home/uav
run_X2g1_041509	/home/ghj
run_X2g3_025529	/home/ghj
run_X2g4_030233	/home/ghj
run_X3l2a_031040	/home/ghj
run_X3l2b_032653	/home/ghj
